letters = ['A', 'B', 'C']

numbers = list(range(10))

numbers
Out[70]: [0, 1, 2, 3, 4, 5, 6, 7, 8, 9]

letters
Out[71]: ['A', 'B', 'C']

iterables = [letters,numbers]

index = pd.MultiIndex.from_product(iterables, names=['first','second'])

index
Out[74]: 
MultiIndex(levels=[['A', 'B', 'C'], [0, 1, 2, 3, 4, 5, 6, 7, 8, 9]],
           labels=[[0, 0, 0, 0, 0, 0, 0, 0, 0, 0, 1, 1, 1, 1, 1, 1, 1, 1, 1, 1, 2, 2, 2, 2, 2, 2, 2, 2, 2, 2], [0, 1, 2, 3, 4, 5, 6, 7, 8, 9, 0, 1, 2, 3, 4, 5, 6, 7, 8, 9, 0, 1, 2, 3, 4, 5, 6, 7, 8, 9]],
           names=['first', 'second'])

s = Series(np.random.rand(30),index=index)

s
Out[76]: 
first  second
A      0         0.167810
       1         0.834034
       2         0.446076
       3         0.649961
       4         0.535642
       5         0.970688
       6         0.792658
       7         0.371877
       8         0.645406
       9         0.618288
B      0         0.059082
       1         0.000295
       2         0.602688
       3         0.657189
       4         0.843941
       5         0.470893
       6         0.126254
       7         0.167851
       8         0.868900
       9         0.845769
C      0         0.673331
       1         0.763816
       2         0.027507
       3         0.562740
       4         0.291408
       5         0.795356
       6         0.231273
       7         0.328716
       8         0.951664
       9         0.904465
dtype: float64
